Frame3D
    3    2     2
POINT
   3                      X                      Y                      Z
    1   0.000000000000000000   0.000000000000000000   0.000000000000000000
    2   0.005000000000000000   0.000000000000000000   0.000000000000000000
    3   0.010000000000000000   0.000000000000000000   0.000000000000000000
ELEMENT
    2     I     J     K  TYPE   MAT
    1     1     2     2     3     1
    2     2     3     3     3     2
CONSTRAIN
   3  XTRA  YTRA  ZTRA  XROT  YROT  ZROT
    1     1     1     1     0     0     0
    2     0     0     0     0     0     0
    3     0     0     0     0     0     0
MATERIAL
2   E           G           A           RHO         GAMMA       IP          IA          IB
1   5.000D+10   0.100D+01   0.0002D+00   0.100D+01   0.000D+00   4.000D+00   2.000D+00   2.000D+00
2   5.000D+10   0.100D+01   0.0001D+00   0.100D+01   0.000D+00   4.000D+00   2.000D+00   2.000D+00
EXTERNALLOAD
    3                    XTRA                    YTRA                    ZTRA                    XROT                    YROT                   ZROT
    1    0.000000000000000000    0.000000000000000000    0.000000000000000000    0.000000000000000000    0.000000000000000000    0.000000000000000000  
    2    0.000000000000000000    0.000000000000000000    0.000000000000000000    0.000000000000000000    0.000000000000000000    0.000000000000000000
    3    0.000000000000000000    0.000000000000000000    1.000000000000000000    0.000000000000000000    0.000000000000000000    0.000000000000000000
END
