                    X              UR1-Node2              UR1-Node3              UR2-Node2              UR2-Node3              UR3-Node2              UR3-Node3                   U1-Node2               U1-Node3               U2-Node2               U2-Node3               U3-Node2               U3-Node3
                0.                 0.                 0.                 0.                 0.                 0.                 0.                 0.                 0.                 0.                 0.                 0.                 0.         
              500.E-06             3.17807E-03        8.6247E-03        32.9147E-09       -91.64E-09          -6.37051E-06      -20.4196E-06        -1.09537E-09       -5.67481E-09     -135.1E-09           -7.85067E-06     -384.628E-12        327.544E-12  
                1.E-03             9.1805E-03        15.8399E-03       182.497E-09       -766.432E-09        -25.7365E-06       -80.045E-06        -12.8835E-09       -21.2788E-09        -1.02866E-06      -31.0162E-06        -4.58319E-09        3.78867E-09
                1.5E-03            6.50728E-03        9.59533E-03      115.774E-09         -1.09532E-06      -58.7091E-06      -169.662E-06        -12.9897E-09       -20.1811E-09        -4.01491E-06      -68.4228E-06       -18.935E-09         15.4425E-09 
                2.E-03            -1.33329E-03        3.00442E-03        6.40307E-09     -467.807E-09       -106.213E-06       -279.133E-06          6.3704E-09        -6.26088E-09      -10.9204E-06      -118.539E-06        -43.2037E-09        34.6457E-09 
                2.5E-03            2.18873E-03        4.56545E-03       -9.67634E-09       -1.27E-06        -168.821E-06       -396.162E-06         -2.22624E-09      -27.5512E-09       -23.5732E-06      -179.693E-06        -71.1156E-09        55.6553E-09 
                3.E-03             8.9031E-03        14.0379E-03       307.119E-09         -4.64214E-06     -247.069E-06       -512.092E-06        -17.8588E-09       -65.8024E-09       -43.304E-06       -250.405E-06       -109.531E-09         85.7778E-09 
                3.5E-03            6.69171E-03       14.3606E-03       303.497E-09         -5.63127E-06     -340.371E-06       -622.236E-06        -10.7441E-09       -87.3676E-09       -70.5648E-06      -329.63E-06        -174.804E-09        142.713E-09  
                4.E-03             1.37781E-03        2.35491E-03     -715.088E-09         -1.91282E-06     -447.998E-06       -727.349E-06        -10.9479E-09      -108.216E-09       -104.765E-06       -416.876E-06       -260.514E-09        221.541E-09  
                4.5E-03          152.193E-06          3.0469E-03      -456.185E-09         -2.51204E-06     -567.868E-06       -833.814E-06        -19.9928E-09      -155.255E-09       -144.363E-06       -512.152E-06       -340.654E-09        295.828E-09  
                5.E-03             6.51539E-03       13.3635E-03      -957.114E-09         -8.63211E-06     -698.124E-06       -950.012E-06        -40.2251E-09      -232.187E-09       -187.199E-06       -615.762E-06       -401.046E-09        356.779E-09  
                5.5E-03            9.69599E-03       13.7123E-03        -2.48548E-06      -10.2546E-06      -836.156E-06         -1.08652E-03      -71.0956E-09      -320.017E-09       -230.967E-06       -728.009E-06       -433.197E-09        414.845E-09  
                6.E-03             1.75117E-03        6.58748E-03       -1.31283E-06       -5.69304E-06     -979.97E-06          -1.24972E-03      -76.423E-09       -411.462E-09       -273.736E-06       -848.872E-06       -429.54E-09         470.012E-09  
                6.5E-03         -806.887E-06          1.74072E-03       -1.17407E-06       -2.13813E-06       -1.12773E-03       -1.44339E-03      -91.0415E-09      -529.661E-09       -314.353E-06       -977.755E-06       -396.598E-09        507.583E-09  
                7.E-03             5.97977E-03        8.83577E-03       -3.04946E-06       -9.32217E-06       -1.27811E-03       -1.66368E-03     -135.159E-09       -714.137E-09       -352.65E-06          -1.11337E-03     -335.701E-09        521.147E-09  
                7.5E-03            8.54296E-03       16.9642E-03        -3.15118E-06      -18.3053E-06        -1.43072E-03       -1.90327E-03     -162.092E-09       -922.733E-09       -389.399E-06         -1.25377E-03     -243.279E-09        533.801E-09  
                8.E-03             4.65818E-03        8.08093E-03       -3.50019E-06       -9.58908E-06       -1.58485E-03       -2.14964E-03     -184.166E-09         -1.12463E-06     -426.014E-06         -1.39658E-03     -129.649E-09        570.148E-09  
                8.5E-03         -474.286E-06        753.382E-06         -2.93745E-06      416.276E-09         -1.74085E-03       -2.39018E-03     -213.854E-09         -1.36984E-06     -464.098E-06         -1.53925E-03       -4.75338E-09      613.31E-09   
                9.E-03             2.36246E-03        8.24496E-03       -2.60389E-06       -9.76317E-06       -1.89758E-03       -2.61339E-03     -255.481E-09         -1.63993E-06     -504.932E-06         -1.67945E-03      119.571E-09        645.072E-09  
                9.5E-03            9.90589E-03       14.4294E-03        -6.36015E-06      -21.8748E-06        -2.05497E-03       -2.81229E-03     -315.676E-09         -1.92023E-06     -549.047E-06         -1.81534E-03      231.922E-09        698.835E-09  
               10.E-03             6.16913E-03       11.531E-03         -5.51327E-06      -16.9191E-06        -2.21082E-03       -2.98562E-03     -366.75E-09          -2.19534E-06     -595.992E-06         -1.94573E-03      333.521E-09        814.779E-09  
               10.5E-03         -840.565E-06          2.97948E-03       -3.40935E-06       -1.46127E-06       -2.36384E-03       -3.13702E-03     -409.006E-09         -2.44047E-06     -644.352E-06         -2.07008E-03      415.722E-09        977.237E-09  
               11.E-03             2.23982E-03        3.16809E-03       -6.28876E-06       -3.34566E-06       -2.51095E-03       -3.2748E-03      -478.649E-09         -2.71638E-06     -692.014E-06         -2.18836E-03      474.778E-09          1.14095E-06
               11.5E-03            7.63828E-03       14.8937E-03        -7.62347E-06      -25.9854E-06        -2.65012E-03       -3.40808E-03     -555.613E-09         -3.01137E-06     -736.613E-06         -2.30074E-03      530.821E-09          1.30851E-06
               12.E-03             7.79888E-03       13.9361E-03        -8.99949E-06      -25.4864E-06        -2.77882E-03       -3.54567E-03     -609.508E-09         -3.27477E-06     -776.047E-06         -2.40731E-03      600.762E-09          1.52375E-06
               12.5E-03            1.80153E-03        2.91353E-03       -7.54642E-06       -3.7397E-06        -2.89532E-03       -3.69174E-03     -654.905E-09         -3.53947E-06     -808.932E-06         -2.50777E-03      687.555E-09          1.78311E-06
               13.E-03          -893.117E-06          3.61196E-03       -5.00345E-06       -3.97303E-06       -2.99865E-03       -3.84558E-03     -695.726E-09         -3.81804E-06     -834.879E-06         -2.60127E-03      768.861E-09          2.04077E-06
               13.5E-03            6.97324E-03       11.3781E-03       -10.3374E-06       -24.4438E-06        -3.08799E-03       -4.00087E-03     -737.126E-09         -4.09437E-06     -854.517E-06         -2.68642E-03      829.536E-09          2.29505E-06
               14.E-03             9.43031E-03       14.7377E-03       -11.9543E-06       -34.2232E-06        -3.16415E-03       -4.14743E-03     -772.137E-09         -4.35626E-06     -869.266E-06         -2.76142E-03      898.352E-09          2.59463E-06
               14.5E-03            1.98675E-03        7.72021E-03       -7.34328E-06      -16.4713E-06        -3.22692E-03       -4.27329E-03     -778.903E-09         -4.56145E-06     -880.921E-06         -2.82435E-03      978.905E-09          2.96124E-06
               15.E-03           -69.2054E-06       336.641E-06         -8.92482E-06     -524.706E-09         -3.27759E-03       -4.36728E-03     -787.729E-09         -4.7137E-06      -891.144E-06         -2.8735E-03         1.04417E-06        3.34638E-06
               15.5E-03            4.58702E-03        9.26838E-03      -10.2746E-06       -23.5527E-06        -3.31549E-03       -4.42206E-03     -819.745E-09         -4.85009E-06     -900.994E-06         -2.90769E-03        1.09636E-06        3.71303E-06
               16.E-03             8.80946E-03       16.6453E-03       -11.8931E-06       -43.4818E-06        -3.34133E-03       -4.43592E-03     -842.384E-09         -4.91651E-06     -910.622E-06         -2.92645E-03        1.14381E-06        4.11272E-06
               16.5E-03            5.73326E-03        8.10914E-03      -13.2446E-06       -23.5693E-06        -3.35372E-03       -4.4129E-03      -850.382E-09         -4.89234E-06     -919.212E-06         -2.9301E-03         1.19925E-06        4.58643E-06
               17.E-03            -1.32308E-03        2.20086E-03       -8.28774E-06       -7.41623E-06       -3.35222E-03       -4.36162E-03     -854.826E-09         -4.8334E-06      -925.174E-06         -2.91956E-03        1.26994E-06        5.08133E-06
               17.5E-03            2.52942E-03        6.5089E-03       -11.3905E-06       -19.7067E-06        -3.33513E-03       -4.29284E-03     -860.062E-09         -4.74115E-06     -926.548E-06         -2.89616E-03        1.33962E-06        5.54336E-06
               18.E-03             9.73797E-03       14.1242E-03       -16.7345E-06       -40.6009E-06        -3.30181E-03       -4.21776E-03     -862.533E-09         -4.62553E-06     -921.499E-06         -2.8613E-03         1.43485E-06        5.99099E-06
               18.5E-03            5.93309E-03       13.2578E-03       -13.3299E-06       -36.644E-06         -3.2518E-03        -4.14386E-03     -837.065E-09         -4.48529E-06     -908.806E-06         -2.81609E-03        1.59514E-06        6.46484E-06
               19.E-03           377.613E-06          2.07384E-03      -12.1773E-06       -11.1007E-06        -3.18511E-03       -4.07444E-03     -784.043E-09         -4.28975E-06     -888.196E-06         -2.7612E-03         1.80046E-06        6.95063E-06
               19.5E-03            1.317E-03          3.24111E-03      -13.2067E-06       -14.4221E-06        -3.103E-03         -4.00605E-03     -738.337E-09         -4.10739E-06     -860.448E-06         -2.69673E-03        2.02266E-06        7.39791E-06
               20.E-03             6.97177E-03       14.7764E-03       -14.7613E-06       -40.0868E-06        -3.00657E-03       -3.93194E-03     -696.572E-09         -3.93194E-06     -827.229E-06         -2.62237E-03        2.25417E-06        7.81843E-06
               20.5E-03            9.02972E-03       13.2188E-03       -17.3845E-06       -38.3619E-06        -2.89853E-03       -3.8421E-03      -636.931E-09         -3.68788E-06     -790.715E-06         -2.53756E-03        2.49765E-06        8.27386E-06
               21.E-03             1.40242E-03        4.73953E-03      -13.9561E-06       -18.0834E-06        -2.78035E-03       -3.72722E-03     -567.239E-09         -3.42035E-06     -753.101E-06         -2.44186E-03        2.75474E-06        8.76835E-06
               21.5E-03         -930.279E-06          2.88988E-03      -13.0198E-06       -13.9609E-06        -2.65451E-03       -3.58038E-03     -511.843E-09         -3.13568E-06     -716.101E-06         -2.33527E-03        2.99959E-06        9.25286E-06
               22.E-03             7.00876E-03        9.91385E-03      -17.8526E-06       -29.9395E-06        -2.52184E-03       -3.39974E-03     -470.718E-09         -2.83363E-06     -680.578E-06         -2.21839E-03        3.21649E-06        9.71717E-06
               22.5E-03            8.66847E-03       16.3113E-03       -16.9943E-06       -40.4483E-06        -2.38385E-03       -3.19003E-03     -430.476E-09         -2.53317E-06     -646.403E-06         -2.09257E-03        3.41621E-06       10.2075E-06 
               23.E-03             3.21209E-03        7.49925E-03      -16.2161E-06       -23.9161E-06        -2.24062E-03       -2.95993E-03     -379.758E-09         -2.19616E-06     -612.571E-06         -1.95978E-03        3.59677E-06       10.746E-06  
               23.5E-03         -105.776E-06        190.209E-06        -16.4291E-06       -13.0116E-06        -2.09251E-03       -2.72246E-03     -325.545E-09         -1.87219E-06     -577.548E-06         -1.82242E-03        3.75508E-06       11.2887E-06 
               24.E-03             3.30412E-03        9.53186E-03      -16.7493E-06       -26.7866E-06        -1.93952E-03       -2.48912E-03     -296.281E-09         -1.60973E-06     -539.753E-06         -1.68293E-03        3.89323E-06       11.8014E-06 
               24.5E-03            9.6991E-03        15.2799E-03       -19.7481E-06       -35.1365E-06        -1.78218E-03       -2.27158E-03     -263.364E-09         -1.36099E-06     -498.053E-06         -1.54354E-03        4.0202E-06        12.3048E-06 
               25.E-03             5.79504E-03        9.55142E-03      -18.4777E-06       -27.7771E-06        -1.62165E-03       -2.07459E-03     -208.885E-09         -1.11956E-06     -452.15E-06          -1.40592E-03        4.15642E-06       12.8153E-06 
               25.5E-03           -1.47945E-03        2.83078E-03      -16.5179E-06       -19.3488E-06        -1.4594E-03        -1.89909E-03     -160.351E-09       -916.412E-09       -402.765E-06         -1.27112E-03        4.29586E-06       13.3137E-06 
               26.E-03             2.88982E-03        4.55027E-03      -18.4399E-06       -23.0031E-06        -1.29768E-03       -1.73897E-03     -125.265E-09       -746.5E-09         -351.542E-06         -1.13959E-03        4.41833E-06       13.7789E-06 
               26.5E-03            8.65167E-03       14.9663E-03       -18.8619E-06       -32.9854E-06        -1.13894E-03       -1.58632E-03     -100.097E-09       -609.727E-09       -300.733E-06         -1.01135E-03        4.52211E-06       14.2222E-06 
               27.E-03             6.62449E-03       13.5923E-03       -17.9563E-06       -31.6798E-06      -985.998E-06         -1.43176E-03      -75.199E-09       -487.016E-09       -252.716E-06       -886.328E-06          4.60303E-06       14.6706E-06 
               27.5E-03            1.25777E-03        1.78191E-03      -18.7553E-06       -23.1075E-06      -841.063E-06         -1.2679E-03       -41.457E-09       -347.674E-09       -209.487E-06       -764.636E-06          4.66143E-06       15.1165E-06 
               28.E-03           -18.7883E-06         4.00581E-03      -18.2332E-06       -25.079E-06       -705.923E-06         -1.09176E-03      -25.275E-09       -251.278E-09       -172.245E-06       -646.852E-06          4.71133E-06       15.527E-06  
               28.5E-03            7.24085E-03       13.2217E-03       -18.6612E-06       -30.9089E-06      -581.677E-06       -905.216E-06        -33.5132E-09      -196.44E-09        -141.169E-06       -534.139E-06          4.75275E-06       15.8991E-06 
               29.E-03             9.38847E-03       13.6044E-03       -19.1922E-06       -30.765E-06       -468.847E-06       -717.116E-06        -26.3718E-09      -125.222E-09       -115.455E-06       -428.211E-06          4.78045E-06       16.2497E-06 
               29.5E-03            1.1392E-03         6.4619E-03       -18.6823E-06       -27.8259E-06      -367.456E-06       -537.735E-06         -8.04595E-09      -69.5432E-09       -93.6069E-06      -331.137E-06          4.8041E-06        16.5733E-06 
               30.E-03          -226.136E-06          1.26702E-03      -19.3182E-06       -26.7536E-06      -277.107E-06       -380.472E-06         -5.18478E-09      -34.8693E-09       -73.8898E-06      -245.037E-06          4.83786E-06       16.8489E-06 
               30.5E-03            6.01695E-03        9.84277E-03      -19.4275E-06       -28.7906E-06      -197.579E-06       -254.569E-06         -8.08062E-09      -22.6052E-09       -54.8358E-06      -171.747E-06          4.89068E-06       17.0653E-06 
               31.E-03             8.47751E-03       16.9179E-03       -19.6562E-06       -28.9065E-06      -129.177E-06       -167.789E-06        -13.4539E-09       -33.2236E-09       -35.6773E-06      -112.534E-06          4.96575E-06       17.2237E-06 
               31.5E-03            4.63276E-03        7.02998E-03      -19.4081E-06       -28.0917E-06       -72.3616E-06      -120.025E-06         -8.39902E-09      -12.5209E-09       -16.5959E-06       -67.9253E-06         5.06153E-06       17.3262E-06 
               32.E-03          -954.038E-06          1.35656E-03      -19.7019E-06       -27.2003E-06       -28.4741E-06      -106.922E-06          7.46925E-09        7.56485E-09        1.27946E-06      -37.7067E-06         5.17388E-06       17.3728E-06 
               32.5E-03            2.97551E-03        8.45013E-03      -19.3745E-06       -27.365E-06          1.5106E-06      -118.656E-06         -5.19649E-09      -13.5586E-09        16.1296E-06       -21.0816E-06         5.29456E-06       17.3675E-06 
               33.E-03            10.1542E-03        14.3648E-03       -18.9628E-06       -27.7132E-06        15.6574E-06      -144.772E-06        -19.26E-09         -23.9593E-09        25.8873E-06       -16.9537E-06         5.40205E-06       17.3247E-06 
               33.5E-03            5.38372E-03       11.626E-03        -19.1018E-06       -27.0114E-06        13.1829E-06      -175.64E-06          -5.17682E-09      -14.696E-09         28.7475E-06       -24.2535E-06         5.47283E-06       17.2608E-06 
               34.E-03          -601.862E-06          2.15527E-03      -19.7116E-06       -25.7708E-06        -6.98017E-06     -204.669E-06        874.863E-12         -4.94708E-09       23.6196E-06       -42.229E-06          5.50817E-06       17.1747E-06 
               34.5E-03            2.45397E-03        3.78515E-03      -19.7972E-06       -25.4443E-06       -44.1921E-06      -231.104E-06         -2.35199E-09       -8.09666E-09       10.4108E-06       -70.6282E-06         5.52272E-06       17.0555E-06 
               35.E-03             7.60903E-03       15.603E-03        -18.9256E-06       -27.0964E-06       -98.0553E-06      -258.681E-06         -7.30611E-09      -29.0773E-09        -9.9345E-06      -109.727E-06          5.51185E-06       16.9072E-06 
               35.5E-03            7.97851E-03       12.8938E-03       -19.6864E-06       -26.2524E-06      -166.887E-06       -297.006E-06        -16.1384E-09       -35.9801E-09       -35.6556E-06      -160.191E-06          5.46262E-06       16.7421E-06 
               36.E-03             1.17623E-03        2.97459E-03      -19.51E-06         -24.5276E-06      -249.024E-06       -355.607E-06         -2.86393E-09      -28.2006E-09       -64.5962E-06      -222.804E-06          5.38047E-06       16.5569E-06 
               36.5E-03         -692.781E-06          3.9548E-03       -19.2344E-06       -24.2208E-06      -342.616E-06       -444.41E-06          -3.82936E-09      -47.3838E-09       -94.7159E-06      -298.149E-06          5.27741E-06       16.3391E-06 
               37.E-03             7.6697E-03        11.3399E-03       -19.6954E-06       -26.9311E-06      -445.822E-06       -568.555E-06        -30.7972E-09      -102.368E-09       -124.56E-06        -386.311E-06          5.1616E-06        16.0847E-06 
               37.5E-03            8.8226E-03        15.1575E-03       -19.6988E-06       -28.9433E-06      -558.072E-06       -729.257E-06        -34.6386E-09      -152.765E-09       -153.573E-06       -486.677E-06          5.04018E-06       15.8E-06    
               38.E-03             1.85135E-03        6.87837E-03      -18.7265E-06       -25.3816E-06      -678.184E-06       -920.918E-06        -32.6318E-09      -207.759E-09       -182.183E-06       -597.901E-06          4.91179E-06       15.4901E-06 
               38.5E-03          165.686E-06        240.556E-06        -18.6672E-06       -21.7426E-06      -806.638E-06         -1.13355E-03      -44.0609E-09      -300.991E-09       -211.619E-06       -718.021E-06          4.77303E-06       15.146E-06  
               39.E-03             4.54081E-03       10.4138E-03       -18.1397E-06       -28.4598E-06      -942.608E-06         -1.35435E-03      -61.8599E-09      -427.257E-09       -243.521E-06       -844.727E-06          4.62339E-06       14.7642E-06 
               39.5E-03            9.20984E-03       16.0559E-03       -18.1852E-06       -34.9848E-06        -1.08688E-03       -1.57134E-03      -90.7526E-09      -583.608E-09       -279.431E-06       -975.695E-06          4.45292E-06       14.3714E-06 
               40.E-03             5.24325E-03        7.71757E-03      -18.6939E-06       -27.5597E-06        -1.2382E-03        -1.77558E-03     -112.328E-09       -735.834E-09       -320.322E-06         -1.10891E-03        4.25736E-06       13.9874E-06 
               40.5E-03           -1.65959E-03        2.48641E-03      -16.1454E-06       -21.1436E-06        -1.39612E-03       -1.96247E-03     -126.288E-09       -894.362E-09       -366.256E-06         -1.2429E-03         4.04643E-06       13.5887E-06 
               41.E-03             3.35843E-03        6.38374E-03      -17.4796E-06       -26.1429E-06        -1.55826E-03       -2.13341E-03     -177.118E-09         -1.10191E-06     -416.271E-06         -1.3768E-03         3.82946E-06       13.1483E-06 
               41.5E-03            9.54725E-03       14.7907E-03       -18.7197E-06       -37.7091E-06        -1.72271E-03       -2.29459E-03     -236.094E-09         -1.32489E-06     -468.527E-06         -1.5103E-03         3.6221E-06        12.6797E-06 
               42.E-03             5.5648E-03        12.8097E-03       -17.0476E-06       -34.2283E-06        -1.88679E-03       -2.45527E-03     -274.025E-09         -1.54304E-06     -520.681E-06         -1.64341E-03        3.43498E-06       12.2104E-06 
               42.5E-03          534.468E-06          1.26436E-03      -16.3483E-06       -17.7138E-06        -2.04773E-03       -2.6244E-03      -324.101E-09         -1.77615E-06     -570.389E-06         -1.77614E-03        3.26532E-06       11.7273E-06 
               43.E-03             1.16733E-03        4.30606E-03      -15.4467E-06       -21.3249E-06        -2.20348E-03       -2.80792E-03     -378.721E-09         -2.04901E-06     -615.803E-06         -1.90818E-03        3.112E-06         11.1944E-06 
               43.5E-03            7.46488E-03       14.8349E-03       -17.1706E-06       -38.5605E-06        -2.35177E-03       -3.00757E-03     -436.83E-09          -2.35739E-06     -655.941E-06         -2.03873E-03        2.97936E-06       10.6209E-06 
               44.E-03             8.93648E-03       12.6462E-03       -18.6176E-06       -36.5054E-06        -2.49227E-03       -3.2194E-03      -493.884E-09         -2.67201E-06     -690.848E-06         -2.16633E-03        2.88369E-06       10.0485E-06 
               44.5E-03          656.377E-06          4.89996E-03      -13.9792E-06       -18.9947E-06        -2.62373E-03       -3.43441E-03     -519.335E-09         -2.97889E-06     -721.488E-06         -2.28903E-03        2.8229E-06         9.4821E-06 
               45.E-03          -337.132E-06          2.57916E-03      -13.0937E-06       -13.7109E-06        -2.74681E-03       -3.64025E-03     -555.897E-09         -3.29353E-06     -749.414E-06         -2.40452E-03        2.75969E-06        8.89061E-06
               45.5E-03            7.25984E-03       10.5574E-03       -16.9315E-06       -31.2824E-06        -2.86077E-03       -3.82429E-03     -616.472E-09         -3.62571E-06     -776.28E-06          -2.51055E-03        2.68185E-06        8.27507E-06
               46.E-03             8.27835E-03       16.5317E-03       -14.8126E-06       -43.3963E-06        -2.96628E-03       -3.97694E-03     -655.949E-09         -3.9142E-06      -803.344E-06         -2.60518E-03        2.59576E-06        7.69595E-06
               46.5E-03            3.29508E-03        6.31794E-03      -14.1883E-06       -19.5965E-06        -3.06226E-03       -4.09259E-03     -691.66E-09          -4.13556E-06     -831.068E-06         -2.68712E-03        2.48789E-06        7.18653E-06
               47.E-03          -390.493E-06        714.553E-06        -12.3569E-06        -5.24345E-06       -3.14807E-03       -4.17195E-03     -737.231E-09         -4.33429E-06     -858.945E-06         -2.75579E-03        2.35365E-06        6.69368E-06
               47.5E-03            3.65838E-03       10.1187E-03       -11.9932E-06       -26.4631E-06        -3.22189E-03       -4.22007E-03     -786.541E-09         -4.50141E-06     -885.558E-06         -2.81131E-03        2.19063E-06        6.1828E-06 
               48.E-03            10.0993E-03        14.8065E-03       -17.072E-06        -39.3929E-06        -3.28213E-03       -4.2473E-03      -841.499E-09         -4.62762E-06     -908.894E-06         -2.85434E-03        2.01228E-06        5.70018E-06
               48.5E-03            4.96649E-03        9.65358E-03      -13.0561E-06       -25.2035E-06        -3.32721E-03       -4.26352E-03     -868.831E-09         -4.71076E-06     -926.812E-06         -2.88573E-03        1.85155E-06        5.27922E-06
               49.E-03            -1.36491E-03        2.36539E-03       -8.74563E-06       -5.19745E-06       -3.35547E-03       -4.27805E-03     -871.591E-09         -4.74617E-06     -937.565E-06         -2.90622E-03        1.69057E-06        4.88507E-06
               49.5E-03            3.40699E-03        4.82853E-03      -12.3293E-06       -13.345E-06         -3.36642E-03       -4.29469E-03     -887.71E-09          -4.79021E-06     -940.212E-06         -2.91617E-03        1.50503E-06        4.47312E-06
               50.E-03             8.39783E-03       15.8275E-03       -13.0864E-06       -39.0364E-06        -3.35964E-03       -4.31319E-03     -887.895E-09         -4.82109E-06     -934.844E-06         -2.91542E-03        1.32338E-06        4.0637E-06 
               50.5E-03            6.70671E-03       12.5652E-03       -11.5542E-06       -31.2883E-06        -3.33636E-03       -4.32748E-03     -857.044E-09         -4.78309E-06     -922.552E-06         -2.90329E-03        1.16539E-06        3.71096E-06
               51.E-03           919.283E-06          1.57883E-03       -9.55413E-06       -3.81076E-06       -3.29735E-03       -4.32787E-03     -819.01E-09          -4.71335E-06     -905.158E-06         -2.8788E-03         1.02409E-06        3.39956E-06
               51.5E-03          -21.0715E-06         4.7853E-03        -6.4465E-06        -9.80066E-06       -3.24451E-03       -4.30357E-03     -782.925E-09         -4.61237E-06     -884.754E-06         -2.84091E-03      879.922E-09          3.07297E-06
               52.E-03             7.99544E-03       12.9891E-03       -10.7457E-06       -31.6867E-06        -3.17898E-03       -4.24507E-03     -754.361E-09         -4.46489E-06     -863.193E-06         -2.78891E-03      718.706E-09          2.74538E-06
               52.5E-03            8.84771E-03       13.7573E-03       -10.7364E-06       -32.9385E-06        -3.1023E-03        -4.14836E-03     -724.454E-09         -4.26697E-06     -841.641E-06         -2.72262E-03      561.715E-09          2.47693E-06
               53.E-03           766.491E-06          6.03385E-03       -5.11116E-06      -12.1725E-06        -3.015E-03         -4.01319E-03     -673.466E-09         -3.99739E-06     -820.325E-06         -2.64262E-03      416.631E-09          2.27064E-06
               53.5E-03          293.906E-06        955.172E-06         -6.77652E-06       -1.62625E-06       -2.91732E-03       -3.84685E-03     -631.381E-09         -3.69735E-06     -798.519E-06         -2.55023E-03      269.658E-09          2.06615E-06
               54.E-03             5.9347E-03        10.9976E-03        -7.53966E-06      -23.0913E-06        -2.80912E-03       -3.65873E-03     -610.714E-09         -3.41138E-06     -774.788E-06         -2.44733E-03      135.118E-09          1.83559E-06
               54.5E-03            8.61778E-03       16.5005E-03        -7.97603E-06      -32.068E-06         -2.69022E-03       -3.46262E-03     -569.521E-09         -3.1042E-06      -747.41E-06          -2.3361E-03        34.8705E-09         1.62118E-06
               55.E-03             4.41493E-03        6.25638E-03       -6.82193E-06      -12.1082E-06        -2.56068E-03       -3.26898E-03     -513.534E-09         -2.77241E-06     -714.895E-06         -2.21866E-03      -17.9892E-09         1.44232E-06
               55.5E-03           -1.38501E-03        1.97189E-03       -3.17078E-06       -1.86661E-06       -2.42094E-03       -3.08643E-03     -455.673E-09         -2.47359E-06     -676.437E-06         -2.09677E-03      -31.5509E-09         1.25817E-06
               56.E-03             3.76027E-03        8.423E-03         -4.97831E-06      -12.9116E-06        -2.27209E-03       -2.91695E-03     -401.997E-09         -2.19953E-06     -632.204E-06         -1.97165E-03      -31.3359E-09         1.04695E-06
               56.5E-03           10.1347E-03        14.5998E-03        -7.20499E-06      -22.7742E-06        -2.11608E-03       -2.75809E-03     -355.001E-09         -1.94399E-06     -583.381E-06         -1.84392E-03      -10.7436E-09       839.019E-09  
               57.E-03             4.73489E-03       11.5017E-03        -3.56681E-06      -14.9878E-06        -1.95516E-03       -2.60269E-03     -291.503E-09         -1.69839E-06     -531.956E-06         -1.71373E-03       40.5979E-09       666.514E-09  
               57.5E-03         -287.975E-06          1.29863E-03       -2.80887E-06      254.766E-09         -1.79209E-03       -2.44107E-03     -224.264E-09         -1.43255E-06     -480.313E-06         -1.58102E-03      100.714E-09        516.967E-09  
               58.E-03             2.47243E-03        4.71951E-03       -3.51E-06          -3.67574E-06       -1.62922E-03       -2.26519E-03     -185.752E-09         -1.21522E-06     -430.716E-06         -1.44583E-03      154.569E-09        361.78E-09   
               58.5E-03            7.78214E-03       15.9601E-03        -2.47789E-06      -16.392E-06         -1.46898E-03       -2.06907E-03     -161.2E-09           -1.02814E-06     -384.829E-06         -1.30859E-03      190.219E-09        221.82E-09   
               59.E-03             8.0539E-03        11.9453E-03        -3.46594E-06      -10.4736E-06        -1.31287E-03       -1.85368E-03     -126.82E-09        -810.116E-09       -343.39E-06          -1.17032E-03      193.349E-09        138.732E-09  
               59.5E-03          456.399E-06          3.22479E-03       -1.52476E-06     -655.127E-09         -1.16199E-03       -1.62351E-03      -92.1003E-09      -620.928E-09       -306.123E-06         -1.0327E-03       170.786E-09        102.409E-09  
               60.E-03          -235.048E-06          3.99805E-03       -1.34441E-06     -611.279E-09         -1.01679E-03       -1.38979E-03      -73.6772E-09      -468.189E-09       -271.907E-06       -897.899E-06        129.953E-09         77.3391E-09 
               60.5E-03            8.1582E-03        11.5529E-03        -2.55562E-06       -6.54113E-06     -877.302E-06         -1.16421E-03      -66.2459E-09      -346.E-09          -239.157E-06       -768.357E-06         75.0374E-09        57.4019E-09 
               61.E-03             8.20677E-03       15.5159E-03        -1.80928E-06       -7.35102E-06     -743.922E-06       -959.998E-06        -55.6551E-09      -259.706E-09       -206.318E-06       -646.433E-06         18.4565E-09        54.8664E-09 
               61.5E-03            1.89574E-03        5.81072E-03     -927.347E-09         -1.69981E-06     -616.645E-06       -785.74E-06         -31.156E-09       -164.155E-09       -172.361E-06       -534.08E-06         -33.2275E-09        68.1546E-09 
               62.E-03           188.594E-06        522.659E-06       -699.133E-09        -47.326E-09       -496.835E-06       -646.045E-06        -12.1607E-09       -96.4873E-09      -137.12E-06        -432.614E-06        -80.6625E-09        82.1223E-09 
               62.5E-03            4.63378E-03       11.349E-03       -631.36E-09          -3.27428E-06     -385.275E-06       -539.112E-06        -18.1984E-09       -85.8477E-09      -101.424E-06       -342.622E-06       -124.884E-09         91.2774E-09 
               63.E-03             9.63297E-03       15.353E-03        -69.7172E-09        -4.91029E-06     -284.465E-06       -458.346E-06        -19.4736E-09       -63.5784E-09       -66.9499E-06      -264.039E-06       -170.503E-09        106.089E-09  
               63.5E-03            4.54102E-03        7.62321E-03      -57.7843E-09        -2.55336E-06     -195.801E-06       -394.316E-06         -4.54767E-09      -30.9583E-09       -35.8673E-06      -196.378E-06       -220.884E-09        133.097E-09  
               64.E-03            -1.74281E-03        2.49416E-03      331.737E-09         -1.83976E-06     -121.836E-06       -336.711E-06          1.38452E-09      -18.5959E-09       -10.3424E-06      -139.031E-06       -268.296E-09        162.358E-09  
               64.5E-03            4.11097E-03        6.38518E-03      237.927E-09         -2.57197E-06      -63.5972E-06      -278.51E-06          -4.65905E-09      -14.772E-09          7.96313E-06      -91.5925E-06      -305.818E-09        184.894E-09  
               65.E-03             9.21303E-03       15.5832E-03         1.28111E-06       -4.13658E-06      -22.3516E-06      -216.341E-06        -11.8249E-09       -23.6892E-09        18.2738E-06       -54.0973E-06      -345.161E-09        209.826E-09  
               65.5E-03            5.41966E-03       12.0121E-03       890.331E-09         -3.28131E-06        1.92162E-06     -153.301E-06        -10.8738E-09       -22.0896E-09        20.8619E-06       -27.1186E-06      -398.834E-09        247.653E-09  
               66.E-03           524.8E-06          760.57E-06         222.475E-09         -2.58221E-06        9.80363E-06      -96.4716E-06         4.11747E-09        4.6381E-09        16.9521E-06       -11.7038E-06      -452.167E-09        287.827E-09  
               66.5E-03            1.04967E-03        5.37326E-03      481.601E-09         -3.04495E-06        2.09513E-06      -56.8311E-06         1.4244E-09      -629.166E-12          8.39136E-06       -9.1596E-06      -482.092E-09        313.249E-09  
               67.E-03             8.10786E-03       14.6205E-03       237.237E-09         -2.9472E-06       -19.5198E-06       -45.1418E-06       -15.2357E-09       -25.2664E-09        -2.8295E-06       -20.7425E-06      -481.608E-09        319.274E-09  
               67.5E-03            8.58267E-03       12.3826E-03       226.876E-09         -3.20479E-06      -54.5406E-06       -70.2154E-06       -11.4133E-09       -13.6583E-09       -15.0829E-06       -47.3317E-06      -451.131E-09        307.111E-09  
               68.E-03            69.6034E-06         4.88426E-03      -55.1325E-09        -2.20937E-06     -101.432E-06       -135.914E-06        468.367E-12         -6.6167E-09       -27.5094E-06       -89.1706E-06      -391.317E-09        276.949E-09  
               68.5E-03          334.316E-06          2.22693E-03      132.982E-09         -2.06173E-06     -160.746E-06       -240.433E-06         -1.90454E-09      -14.8459E-09       -40.2168E-06      -145.74E-06        -305.516E-09        229.319E-09  
               69.E-03             7.286E-03         11.4836E-03      -313.991E-09         -3.2309E-06      -231.773E-06       -376.508E-06        -10.5281E-09       -36.676E-09        -54.2226E-06      -215.801E-06       -201.999E-09        170.558E-09  
               69.5E-03            8.08517E-03       16.3971E-03       134.733E-09         -5.38146E-06     -315.774E-06       -533.158E-06        -16.7996E-09       -82.2887E-09       -71.1553E-06      -297.591E-06        -98.0364E-09       118.124E-09  
               70.E-03             3.30452E-03        5.26093E-03     -798.735E-09         -1.7768E-06      -412.462E-06       -698.137E-06        -13.4777E-09      -101.213E-09        -92.7925E-06      -389.128E-06         -8.86262E-09       84.5134E-09 
               70.5E-03         -765.204E-06          1.4465E-03      -752.401E-09        394.343E-09       -522.505E-06       -861.083E-06         -6.78471E-09     -139.931E-09       -120.552E-06       -488.548E-06         68.076E-09         60.1981E-09 
               71.E-03             4.24667E-03       10.3702E-03      -473.196E-09         -4.56716E-06     -645.074E-06         -1.01538E-03      -31.0947E-09      -232.704E-09       -155.065E-06       -594.386E-06        132.059E-09         41.5479E-09 
               71.5E-03           10.2809E-03        14.561E-03         -2.0844E-06        -8.30897E-06     -779.183E-06         -1.16035E-03      -56.2834E-09      -317.536E-09       -195.95E-06        -705.735E-06        169.41E-09          51.3075E-09 
               72.E-03             4.14656E-03        9.73181E-03       -1.52254E-06       -5.28845E-06     -923.088E-06         -1.29998E-03      -59.9527E-09      -402.266E-09       -241.826E-06       -822.242E-06        174.622E-09        105.021E-09  
               72.5E-03           -1.04934E-03        1.69465E-03       -1.58683E-06        1.0467E-06        -1.07417E-03       -1.44282E-03      -82.4755E-09      -509.261E-09       -290.593E-06       -943.945E-06        153.168E-09        184.947E-09  
               73.E-03             3.69458E-03        5.45897E-03       -2.71674E-06       -3.67021E-06       -1.23032E-03       -1.59794E-03     -118.4E-09         -652.211E-09       -339.877E-06         -1.07099E-03      118.712E-09        266.219E-09  
               73.5E-03            8.25797E-03       16.4541E-03        -3.7767E-06       -14.621E-06         -1.38852E-03       -1.77372E-03     -158.289E-09       -834.731E-09       -387.543E-06         -1.20333E-03       88.1483E-09       353.903E-09  
               74.E-03             6.83026E-03       11.4378E-03        -4.30026E-06      -11.6732E-06        -1.54741E-03       -1.97404E-03     -198.739E-09         -1.02695E-06     -432.151E-06         -1.34042E-03       72.2445E-09       466.587E-09  
               74.5E-03          390.384E-06          1.71025E-03       -3.26838E-06     -406.568E-09         -1.70482E-03       -2.19758E-03     -219.541E-09         -1.23369E-06     -473.225E-06         -1.48107E-03       71.5925E-09       593.621E-09  
               75.E-03           219.198E-06          5.2768E-03        -2.33387E-06       -5.05929E-06       -1.86051E-03       -2.43744E-03     -257.914E-09         -1.49687E-06     -511.275E-06         -1.62345E-03       73.3484E-09       710.639E-09  
               75.5E-03            8.65239E-03       12.8404E-03        -6.06186E-06      -19.1084E-06        -2.01345E-03       -2.68217E-03     -316.198E-09         -1.80233E-06     -547.569E-06         -1.76522E-03       73.977E-09        828.338E-09  
               76.E-03             8.16319E-03       14.0478E-03        -5.96358E-06      -22.4313E-06        -2.16399E-03       -2.9194E-03      -350.44E-09          -2.09766E-06     -583.709E-06         -1.90389E-03       86.2665E-09       984.668E-09  
               76.5E-03          644.431E-06          5.29257E-03       -3.38805E-06       -7.70696E-06       -2.31149E-03       -3.13649E-03     -383.573E-09         -2.39045E-06     -621.126E-06         -2.03705E-03      103.231E-09          1.185E-06  
               77.E-03           651.705E-06        946.702E-06         -5.58531E-06       -1.07112E-06       -2.45548E-03       -3.32596E-03     -437.047E-09         -2.69267E-06     -660.616E-06         -2.16278E-03      117.59E-09           1.3844E-06 
               77.5E-03            5.85345E-03       12.1244E-03        -5.82618E-06      -23.5292E-06        -2.59472E-03       -3.4838E-03      -497.121E-09         -2.99133E-06     -702.047E-06         -2.27981E-03      140.358E-09          1.56739E-06
               78.E-03             8.90489E-03       15.7963E-03        -8.3E-06          -32.3453E-06        -2.72747E-03       -3.61391E-03     -566.936E-09         -3.27483E-06     -744.296E-06         -2.38755E-03      175.861E-09          1.78457E-06
               78.5E-03            3.96191E-03        5.82641E-03       -8.0478E-06       -12.9643E-06        -2.8518E-03        -3.72274E-03     -623.839E-09         -3.51591E-06     -785.457E-06         -2.48603E-03      234.803E-09          2.05377E-06
               79.E-03            -1.64923E-03        2.43275E-03       -4.42833E-06       -3.81192E-06       -2.96514E-03       -3.82065E-03     -669.507E-09         -3.73946E-06     -823.248E-06         -2.57559E-03      314.5E-09            2.32386E-06
               79.5E-03            4.60539E-03        8.31563E-03       -8.88127E-06      -19.1095E-06        -3.06559E-03       -3.91619E-03     -739.323E-09         -3.98514E-06     -855.515E-06         -2.65658E-03      401.722E-09          2.56437E-06
               80.E-03             9.87217E-03       15.0981E-03       -12.5486E-06       -35.9485E-06        -3.15126E-03       -4.01594E-03     -792.299E-09         -4.21253E-06     -880.717E-06         -2.72909E-03      528.728E-09          2.80661E-06
               80.5E-03            4.30089E-03       11.0527E-03        -8.75604E-06      -25.2475E-06        -3.22143E-03       -4.12111E-03     -808.76E-09          -4.4033E-06      -898.258E-06         -2.79269E-03      715.711E-09          3.08687E-06
               81.E-03           -23.2727E-06       587.75E-06          -8.60093E-06       -1.62525E-06       -3.2756E-03        -4.22701E-03     -824.053E-09         -4.57822E-06     -908.59E-06          -2.84643E-03      928.172E-09          3.38217E-06
               81.5E-03            2.38099E-03        5.84519E-03       -9.7091E-06       -13.8494E-06        -3.31426E-03       -4.32509E-03     -835.604E-09         -4.73927E-06     -913.051E-06         -2.8889E-03         1.14087E-06        3.65107E-06
               82.E-03             8.16739E-03       15.9481E-03       -11.6455E-06       -40.0364E-06        -3.33815E-03       -4.40322E-03     -843.162E-09         -4.87291E-06     -913.487E-06         -2.91849E-03        1.34637E-06        3.92989E-06
               82.5E-03            7.92497E-03       11.2363E-03       -14.3385E-06       -29.8755E-06        -3.34829E-03       -4.45152E-03     -847.043E-09         -4.93688E-06     -911.75E-06          -2.93374E-03        1.54755E-06        4.28413E-06
               83.E-03          -234.484E-06          3.49345E-03       -9.02153E-06       -8.28989E-06       -3.34541E-03       -4.46074E-03     -824.238E-09         -4.92291E-06     -909.215E-06         -2.93364E-03        1.74245E-06        4.69737E-06
               83.5E-03          420.789E-06          3.8223E-03       -10.3641E-06        -9.63209E-06       -3.32977E-03       -4.42904E-03     -818.057E-09         -4.86448E-06     -906.417E-06         -2.91787E-03        1.90182E-06        5.11141E-06
               84.E-03             8.39117E-03       12.0799E-03       -15.7835E-06       -33.195E-06         -3.30121E-03       -4.3581E-03      -832.234E-09         -4.76921E-06     -902.913E-06         -2.88686E-03        2.02776E-06        5.52853E-06
               84.5E-03            7.70209E-03       15.6468E-03       -14.0411E-06       -40.2277E-06        -3.2593E-03        -4.25722E-03     -814.055E-09         -4.60575E-06     -897.407E-06         -2.84175E-03        2.1482E-06         6.00449E-06
               85.E-03             2.01296E-03        4.67373E-03      -13.1273E-06       -14.4629E-06        -3.2032E-03        -4.13678E-03     -787.926E-09         -4.38068E-06     -888.101E-06         -2.78413E-03        2.26117E-06        6.54596E-06
               85.5E-03           23.0675E-06         1.14829E-03      -12.7833E-06        -7.45347E-06       -3.13235E-03       -4.00886E-03     -761.998E-09         -4.15606E-06     -873.187E-06         -2.71576E-03        2.35818E-06        7.08861E-06
               86.E-03             4.94154E-03       11.9621E-03       -14.444E-06        -31.6955E-06        -3.04622E-03       -3.88233E-03     -728.112E-09         -3.92853E-06     -851.341E-06         -2.63817E-03        2.44067E-06        7.6064E-06 
               86.5E-03            9.95387E-03       14.7143E-03       -18.4486E-06       -40.3252E-06        -2.94558E-03       -3.76219E-03     -691.409E-09         -3.68677E-06     -822.108E-06         -2.5525E-03         2.53229E-06        8.14063E-06
               87.E-03             3.71508E-03        7.70656E-03      -15.239E-06        -24.4282E-06        -2.83121E-03       -3.64813E-03     -624.575E-09         -3.42838E-06     -786.071E-06         -2.45931E-03        2.66063E-06        8.7071E-06 
               87.5E-03           -1.56035E-03        2.2074E-03       -12.4948E-06       -13.166E-06         -2.70521E-03       -3.53365E-03     -546.9E-09           -3.14968E-06     -744.774E-06         -2.35864E-03        2.80187E-06        9.26726E-06
               88.E-03             4.68295E-03        6.65536E-03      -17.0939E-06       -24.4619E-06        -2.56938E-03       -3.41039E-03     -496.969E-09         -2.8992E-06      -700.387E-06         -2.25026E-03        2.93073E-06        9.79272E-06
               88.5E-03            8.85662E-03       16.3287E-03       -16.8154E-06       -42.9295E-06        -2.42648E-03       -3.26796E-03     -443.749E-09         -2.64028E-06     -655.227E-06         -2.13391E-03        3.05871E-06       10.3152E-06 
               89.E-03             5.4426E-03        10.9484E-03       -16.1867E-06       -32.7607E-06        -2.27864E-03       -3.10018E-03     -376.707E-09         -2.33489E-06     -611.251E-06         -2.00962E-03        3.18526E-06       10.8763E-06 
               89.5E-03          302.409E-06        630.598E-06        -16.3198E-06       -15.9439E-06        -2.12766E-03       -2.90311E-03     -323.004E-09         -2.03398E-06     -569.646E-06         -1.87802E-03        3.30994E-06       11.4466E-06 
               90.E-03             1.0812E-03         6.27253E-03      -15.4214E-06       -24.8759E-06        -1.97484E-03       -2.68008E-03     -282.186E-09         -1.74926E-06     -530.611E-06         -1.7404E-03         3.43791E-06       11.9754E-06 
               90.5E-03            8.79142E-03       14.2843E-03       -18.618E-06        -37.3444E-06        -1.82062E-03       -2.43866E-03     -253.014E-09         -1.4784E-06      -493.401E-06         -1.59871E-03        3.56661E-06       12.4748E-06 
               91.E-03             7.99251E-03       12.3977E-03       -18.6047E-06       -34.3399E-06        -1.66587E-03       -2.19147E-03     -223.126E-09         -1.22381E-06     -456.611E-06         -1.45534E-03        3.70993E-06       12.9751E-06 
               91.5E-03         -277.908E-06          4.58382E-03      -16.4522E-06       -23.312E-06         -1.5102E-03        -1.95114E-03     -172.289E-09       -974.954E-09       -418.64E-06          -1.31285E-03        3.87518E-06       13.4638E-06 
               92.E-03           957.712E-06          2.00885E-03      -17.8064E-06       -22.0485E-06        -1.35461E-03       -1.72888E-03     -138.501E-09       -768.605E-09       -378.197E-06         -1.17356E-03        4.05074E-06       13.9087E-06 
               92.5E-03            7.17109E-03       12.5688E-03       -19.2543E-06       -31.4456E-06        -1.1992E-03        -1.5318E-03      -124.432E-09       -626.316E-09       -334.727E-06         -1.03932E-03        4.23846E-06       14.3043E-06 
               93.E-03             8.10324E-03       15.8899E-03       -18.8698E-06       -33.3929E-06        -1.04622E-03       -1.36162E-03      -92.8059E-09      -491.039E-09       -288.65E-06        -911.323E-06          4.44407E-06       14.6715E-06 
               93.5E-03            3.13948E-03        4.4768E-03       -18.9131E-06       -24.6049E-06      -896.937E-06         -1.21479E-03      -58.7785E-09      -358.212E-09       -241.354E-06       -790.098E-06          4.66117E-06       15.0181E-06 
               94.E-03            -1.10885E-03        2.21376E-03      -18.3516E-06       -22.6338E-06      -754.278E-06         -1.08271E-03      -36.6395E-09      -269.546E-09       -194.933E-06       -675.661E-06          4.87881E-06       15.3294E-06 
               94.5E-03            5.01106E-03       10.3622E-03       -18.8296E-06       -27.4507E-06      -620.21E-06        -956.056E-06        -27.6485E-09      -205.523E-09       -151.742E-06       -567.795E-06          5.07922E-06       15.6058E-06 
               95.E-03            10.1957E-03        14.6119E-03       -19.216E-06        -29.3982E-06      -497.303E-06       -826.355E-06        -28.606E-09       -155.011E-09       -113.879E-06       -466.372E-06          5.24081E-06       15.8728E-06 
               95.5E-03            3.45667E-03        9.6208E-03       -18.6263E-06       -26.4318E-06      -387.356E-06       -689.251E-06        -14.1471E-09      -106.017E-09        -82.7286E-06      -371.632E-06          5.35188E-06       16.1455E-06 
               96.E-03          -639.768E-06        971.181E-06        -19.6552E-06       -23.2864E-06      -291.129E-06       -545.085E-06          3.83482E-09      -45.4597E-09       -58.6918E-06      -284.353E-06          5.42092E-06       16.4083E-06 
               96.5E-03            3.77189E-03        6.40799E-03      -19.485E-06        -25.5565E-06      -209.361E-06       -399.656E-06         -5.89791E-09      -32.9032E-09       -41.1434E-06      -205.864E-06          5.46221E-06       16.6425E-06 
               97.E-03             8.31056E-03       16.7326E-03       -19.4674E-06       -26.8621E-06      -141.259E-06       -263.33E-06         -14.7017E-09       -41.8509E-09       -28.6535E-06      -137.896E-06          5.47469E-06       16.8507E-06 
               97.5E-03            6.87195E-03       10.3901E-03       -19.6677E-06       -26.1234E-06       -87.0495E-06      -148.235E-06         -7.21175E-09      -11.1505E-09       -19.4065E-06       -82.3042E-06         5.45725E-06       17.0371E-06 
               98.E-03          -242.999E-06          2.05836E-03      -19.812E-06        -25.7159E-06       -45.2956E-06       -65.2591E-06         1.34374E-09     -187.046E-12        -11.7134E-06       -40.7321E-06         5.42147E-06       17.1917E-06 
               98.5E-03          714.729E-06          5.45695E-03      -19.8016E-06       -26.3387E-06       -16.4311E-06       -21.3783E-06        -1.25775E-09       -6.80452E-09       -4.47726E-06      -14.306E-06          5.3787E-06        17.3042E-06 
               99.E-03             9.10631E-03       12.9197E-03       -19.6821E-06       -26.7829E-06       248.126E-09        -18.5222E-06       -12.0187E-09       -11.9448E-09         2.50041E-06       -3.43424E-06        5.33317E-06       17.3714E-06 
               99.5E-03            7.45761E-03       14.3068E-03       -19.5085E-06       -27.3349E-06         3.35183E-06      -53.1094E-06       -12.8595E-09       -24.3394E-09         8.45103E-06       -7.75993E-06        5.28418E-06       17.3943E-06 
              100.E-03           720.389E-06          4.31837E-03      -19.4753E-06       -27.428E-06         -7.48517E-06     -116.23E-06         231.331E-12         -2.27034E-09       11.8224E-06       -26.2783E-06         5.23187E-06       17.3731E-06 