
                  X               UR1           UR2           UR3           U1           U2           U3    

                0.                 0.                 0.                 0.                 0.                 0.                 0.         
              100.E-06          -957.601E-18       -259.457E-15          9.5885E-09      -800.E-12           799.998E-12        799.996E-12  
              200.E-06            -7.66074E-15       -2.07563E-12       38.354E-09         -3.2E-09            3.19999E-09        3.19997E-09
              300.E-06           -31.6002E-15        -8.5618E-12        86.2965E-09        -7.19998E-09        7.19995E-09        7.19987E-09
              400.E-06           -91.9264E-15       -24.9064E-12       153.416E-09        -12.8E-09           12.7998E-09        12.7996E-09 
              500.E-06          -215.448E-15        -58.3724E-12       239.712E-09        -19.9999E-09        19.9996E-09        19.9991E-09 
              600.E-06          -436.632E-15       -118.296E-12        345.186E-09        -28.7998E-09        28.7993E-09        28.7982E-09 
              700.E-06          -797.598E-15       -216.088E-12        469.836E-09        -39.1996E-09        39.1987E-09        39.1967E-09 
              750.E-06            -1.04396E-12     -282.83E-12         539.353E-09        -44.9994E-09        44.9983E-09        44.9956E-09 
              850.E-06            -1.71008E-12     -463.282E-12        692.769E-09        -57.7991E-09        57.7971E-09        57.7929E-09 
              950.E-06            -2.65475E-12     -719.184E-12        865.362E-09        -72.1986E-09        72.1956E-09        72.1889E-09 
                1.05E-03          -3.94686E-12       -1.06919E-09        1.05713E-06      -88.1979E-09        88.1934E-09        88.1835E-09 
                1.15E-03          -5.66295E-12       -1.53402E-09        1.26808E-06     -105.797E-09        105.791E-09        105.776E-09  
                1.25E-03          -7.88718E-12       -2.13644E-09        1.4982E-06      -124.996E-09        124.987E-09        124.967E-09  
                1.35E-03         -10.7113E-12        -2.90131E-09        1.7475E-06      -145.794E-09        145.782E-09        145.755E-09  
                1.45E-03         -14.2348E-12        -3.85552E-09        2.01598E-06     -168.192E-09        168.176E-09        168.14E-09   
                1.5E-03          -16.2884E-12        -4.41162E-09        2.15741E-06     -179.991E-09        179.973E-09        179.932E-09  
                1.6E-03          -21.0638E-12        -5.7047E-09         2.45465E-06     -204.789E-09        204.765E-09        204.712E-09  
                1.7E-03          -26.8203E-12        -7.26335E-09        2.77107E-06     -231.185E-09        231.155E-09        231.088E-09  
                1.8E-03          -33.6841E-12        -9.12164E-09        3.10667E-06     -259.182E-09        259.144E-09        259.059E-09  
                1.9E-03          -41.7888E-12       -11.3157E-09         3.46144E-06     -288.777E-09        288.73E-09         288.625E-09  
                2.E-03           -51.2757E-12       -13.8836E-09         3.83539E-06     -319.972E-09        319.914E-09        319.786E-09  
                2.1E-03          -62.2934E-12       -16.8657E-09         4.22852E-06     -352.766E-09        352.696E-09        352.54E-09   
                2.2E-03          -74.9985E-12       -20.3041E-09         4.64083E-06     -387.159E-09        387.075E-09        386.886E-09  
                2.25E-03         -82.0293E-12       -22.2067E-09         4.85417E-06     -404.956E-09        404.863E-09        404.657E-09  
                2.35E-03         -97.5749E-12       -26.4131E-09         5.29524E-06     -441.747E-09        441.637E-09        441.392E-09  
                2.45E-03        -115.232E-12        -31.1902E-09         5.75548E-06     -480.138E-09        480.008E-09        479.718E-09  
                2.55E-03        -135.183E-12        -36.5873E-09         6.23491E-06     -520.127E-09        519.974E-09        519.635E-09  
                2.65E-03        -157.618E-12        -42.6557E-09         6.73351E-06     -561.715E-09        561.537E-09        561.141E-09  
                2.75E-03        -182.735E-12        -49.4487E-09         7.25128E-06     -604.901E-09        604.695E-09        604.236E-09  
                2.85E-03        -210.74E-12         -57.0215E-09         7.78824E-06     -649.686E-09        649.448E-09        648.918E-09  
                2.95E-03        -241.845E-12        -65.4315E-09         8.34437E-06     -696.069E-09        695.796E-09        695.188E-09  
                3.E-03          -258.622E-12        -69.9669E-09         8.62962E-06     -719.86E-09         719.568E-09        718.918E-09  
                3.1E-03         -294.792E-12        -79.7443E-09         9.21452E-06     -768.64E-09         768.308E-09        767.567E-09  
                3.2E-03         -334.628E-12        -90.5106E-09         9.81859E-06     -819.019E-09        818.641E-09        817.8E-09    
                3.3E-03         -378.367E-12       -102.33E-09          10.4418E-06      -870.995E-09        870.568E-09        869.617E-09  
                3.4E-03         -426.257E-12       -115.269E-09         11.0843E-06      -924.569E-09        924.088E-09        923.016E-09  
                3.5E-03         -478.55E-12        -129.395E-09         11.7459E-06      -979.741E-09        979.201E-09        977.997E-09  
                3.6E-03         -535.508E-12       -144.779E-09         12.4266E-06        -1.03651E-06        1.03591E-06        1.03456E-06
                3.7E-03         -597.4E-12         -161.492E-09         13.1266E-06        -1.09488E-06        1.0942E-06         1.0927E-06 
                3.75E-03        -630.273E-12       -170.367E-09         13.4838E-06        -1.12466E-06        1.12395E-06        1.12236E-06
                3.85E-03        -700.084E-12       -189.214E-09         14.2125E-06        -1.18542E-06        1.18463E-06        1.18287E-06
                3.95E-03        -775.532E-12       -209.578E-09         14.9604E-06        -1.24778E-06        1.2469E-06         1.24495E-06
                4.05E-03        -856.911E-12       -231.538E-09         15.7274E-06        -1.31174E-06        1.31077E-06        1.30861E-06
                4.15E-03        -944.522E-12       -255.175E-09         16.5137E-06        -1.37729E-06        1.37622E-06        1.37384E-06
                4.25E-03          -1.03867E-09     -280.572E-09         17.3191E-06        -1.44444E-06        1.44326E-06        1.44065E-06
                4.35E-03          -1.13969E-09     -307.813E-09         18.1437E-06        -1.51318E-06        1.51189E-06        1.50903E-06
                4.45E-03          -1.24788E-09     -336.984E-09         18.9875E-06        -1.58353E-06        1.58211E-06        1.57897E-06
                4.5E-03           -1.30476E-09     -352.318E-09         19.4166E-06        -1.6193E-06         1.61782E-06        1.61453E-06
                4.6E-03           -1.42434E-09     -384.549E-09         20.2891E-06        -1.69203E-06        1.69042E-06        1.68683E-06
                4.7E-03           -1.55194E-09     -418.934E-09         21.1808E-06        -1.76636E-06        1.7646E-06         1.7607E-06 
                4.8E-03           -1.68792E-09     -455.566E-09         22.0917E-06        -1.84229E-06        1.84038E-06        1.83613E-06
                4.9E-03           -1.83261E-09     -494.538E-09         23.0218E-06        -1.91981E-06        1.91773E-06        1.91312E-06
                5.E-03            -1.9864E-09      -535.948E-09         23.971E-06         -1.99893E-06        1.99668E-06        1.99168E-06
                5.1E-03           -2.14964E-09     -579.893E-09         24.9395E-06        -2.07964E-06        2.0772E-06         2.07179E-06
                5.2E-03           -2.32271E-09     -626.473E-09         25.9271E-06        -2.16195E-06        2.15931E-06        2.15346E-06
                5.25E-03          -2.41305E-09     -650.78E-09          26.4281E-06        -2.2037E-06         2.20096E-06        2.19488E-06
                5.35E-03          -2.6016E-09      -701.504E-09         27.4444E-06        -2.2884E-06         2.28544E-06        2.27889E-06
                5.45E-03          -2.80095E-09     -755.122E-09         28.48E-06          -2.37469E-06        2.37151E-06        2.36446E-06
                5.55E-03          -3.01152E-09     -811.738E-09         29.5347E-06        -2.46257E-06        2.45916E-06        2.45157E-06
                5.65E-03          -3.2337E-09      -871.461E-09         30.6086E-06        -2.55206E-06        2.54838E-06        2.54024E-06
                5.75E-03          -3.46792E-09     -934.4E-09           31.7016E-06        -2.64313E-06        2.63919E-06        2.63045E-06
                5.85E-03          -3.7146E-09        -1.00067E-06       32.8139E-06        -2.7358E-06         2.73157E-06        2.72222E-06
                5.95E-03          -3.97416E-09       -1.07038E-06       33.9453E-06        -2.83006E-06        2.82554E-06        2.81553E-06
                6.E-03            -4.10889E-09       -1.10655E-06       34.5182E-06        -2.87778E-06        2.87311E-06        2.86276E-06
                6.1E-03           -4.3886E-09        -1.18164E-06       35.6784E-06        -2.97443E-06        2.96944E-06        2.95838E-06
                6.2E-03           -4.68229E-09       -1.26045E-06       36.8577E-06        -3.07268E-06        3.06735E-06        3.05555E-06
                6.3E-03           -4.99043E-09       -1.34312E-06       38.0563E-06        -3.17251E-06        3.16683E-06        3.15425E-06
                6.4E-03           -5.31348E-09       -1.42975E-06       39.274E-06         -3.27394E-06        3.26789E-06        3.2545E-06 
                6.5E-03           -5.65189E-09       -1.52048E-06       40.5108E-06        -3.37695E-06        3.37052E-06        3.35627E-06
                6.6E-03           -6.00615E-09       -1.61542E-06       41.7669E-06        -3.48156E-06        3.47472E-06        3.45958E-06
                6.7E-03           -6.37673E-09       -1.7147E-06        43.0421E-06        -3.58777E-06        3.58049E-06        3.56442E-06
                6.75E-03          -6.56828E-09       -1.76601E-06       43.6869E-06        -3.64146E-06        3.63397E-06        3.61742E-06
                6.85E-03          -6.96426E-09       -1.87204E-06       44.9909E-06        -3.75005E-06        3.7421E-06         3.72455E-06
                6.95E-03          -7.3778E-09        -1.98274E-06       46.3141E-06        -3.86023E-06        3.85181E-06        3.83321E-06
                7.05E-03          -7.8094E-09        -2.09823E-06       47.6565E-06        -3.972E-06          3.96308E-06        3.94339E-06
                7.15E-03          -8.25956E-09       -2.21864E-06       49.018E-06         -4.08535E-06        4.07592E-06        4.05509E-06
                7.25E-03          -8.72882E-09       -2.34411E-06       50.3987E-06        -4.2003E-06         4.19033E-06        4.16832E-06
                7.35E-03          -9.21768E-09       -2.47478E-06       51.7986E-06        -4.31684E-06        4.3063E-06         4.28305E-06
                7.45E-03          -9.72669E-09       -2.61078E-06       53.2176E-06        -4.43497E-06        4.42384E-06        4.39931E-06
                7.5E-03           -9.98889E-09       -2.68081E-06       53.9343E-06        -4.49463E-06        4.4832E-06         4.458E-06  
                7.6E-03          -10.5291E-09        -2.82507E-06       55.3821E-06        -4.61514E-06        4.60309E-06        4.57653E-06
                7.7E-03          -11.0908E-09        -2.975E-06         56.8491E-06        -4.73724E-06        4.72454E-06        4.69656E-06
                7.8E-03          -11.6746E-09        -3.13076E-06       58.3353E-06        -4.86093E-06        4.84755E-06        4.81809E-06
                7.9E-03          -12.281E-09         -3.29248E-06       59.8406E-06        -4.9862E-06         4.97212E-06        4.94113E-06
                8.E-03           -12.9105E-09        -3.46032E-06       61.3651E-06        -5.11306E-06        5.09826E-06        5.06568E-06
                8.1E-03          -13.5638E-09        -3.63441E-06       62.9088E-06        -5.24151E-06        5.22595E-06        5.19172E-06
                8.2E-03          -14.2414E-09        -3.81491E-06       64.4716E-06        -5.37155E-06        5.35521E-06        5.31926E-06
                8.25E-03         -14.5895E-09        -3.9076E-06        65.2603E-06        -5.43717E-06        5.42042E-06        5.38359E-06
                8.35E-03         -15.3046E-09        -4.09798E-06       66.8519E-06        -5.56958E-06        5.552E-06          5.51337E-06
                8.45E-03         -16.0456E-09        -4.29514E-06       68.4627E-06        -5.70359E-06        5.68515E-06        5.64464E-06
                8.55E-03         -16.813E-09         -4.49924E-06       70.0927E-06        -5.83918E-06        5.81985E-06        5.77739E-06
                8.65E-03         -17.6073E-09        -4.71042E-06       71.7418E-06        -5.97635E-06        5.9561E-06         5.91163E-06
                8.75E-03         -18.4293E-09        -4.92884E-06       73.4101E-06        -6.11511E-06        6.0939E-06         6.04736E-06
                8.85E-03         -19.2795E-09        -5.15466E-06       75.0976E-06        -6.25546E-06        6.23326E-06        6.18456E-06
                8.95E-03         -20.1586E-09        -5.38804E-06       76.8043E-06        -6.39739E-06        6.37417E-06        6.32324E-06
                9.E-03           -20.6091E-09        -5.5076E-06        77.6648E-06        -6.46895E-06        6.4452E-06         6.39314E-06
                9.1E-03          -21.5326E-09        -5.75261E-06       79.4002E-06        -6.61326E-06        6.58843E-06        6.53403E-06
                9.2E-03          -22.4865E-09        -6.00557E-06       81.1548E-06        -6.75915E-06        6.73321E-06        6.67639E-06
                9.3E-03          -23.4716E-09        -6.26664E-06       82.9286E-06        -6.90663E-06        6.87953E-06        6.82022E-06
                9.4E-03          -24.4883E-09        -6.536E-06         84.7215E-06        -7.05569E-06        7.0274E-06         6.96551E-06
                9.5E-03          -25.5375E-09        -6.81379E-06       86.5337E-06        -7.20633E-06        7.17682E-06        7.11226E-06
                9.6E-03          -26.6197E-09        -7.10019E-06       88.3649E-06        -7.35855E-06        7.32777E-06        7.26048E-06
                9.7E-03          -27.7356E-09        -7.39537E-06       90.2154E-06        -7.51236E-06        7.48027E-06        7.41015E-06
                9.75E-03         -28.3064E-09        -7.5463E-06        91.1478E-06        -7.58985E-06        7.5571E-06         7.48553E-06
                9.85E-03         -29.4742E-09        -7.85495E-06       93.0271E-06        -7.74603E-06        7.71191E-06        7.63737E-06
                9.95E-03         -30.6774E-09        -8.1728E-06        94.9255E-06        -7.9038E-06         7.86825E-06        7.79067E-06
               10.05E-03         -31.9167E-09        -8.50002E-06       96.843E-06         -8.06314E-06        8.02614E-06        7.94541E-06
               10.15E-03         -33.1928E-09        -8.83677E-06       98.7798E-06        -8.22406E-06        8.18556E-06        8.10159E-06
               10.25E-03         -34.5064E-09        -9.18323E-06      100.736E-06         -8.38656E-06        8.34652E-06        8.25921E-06
               10.35E-03         -35.8582E-09        -9.53957E-06      102.711E-06         -8.55065E-06        8.50901E-06        8.41827E-06
               10.45E-03         -37.249E-09         -9.90596E-06      104.705E-06         -8.71631E-06        8.67303E-06        8.57876E-06
               10.5E-03          -37.9591E-09       -10.093E-06        105.709E-06         -8.79973E-06        8.75561E-06        8.65954E-06
               10.6E-03          -39.4096E-09       -10.4748E-06       107.732E-06         -8.96776E-06        8.92193E-06        8.82218E-06
               10.7E-03          -40.9007E-09       -10.8671E-06       109.775E-06         -9.13737E-06        9.08978E-06        8.98624E-06
               10.8E-03          -42.4333E-09       -11.2701E-06       111.836E-06         -9.30856E-06        9.25915E-06        9.15172E-06
               10.9E-03          -44.0081E-09       -11.6839E-06       113.917E-06         -9.48133E-06        9.43005E-06        9.31862E-06
               11.E-03           -45.6258E-09       -12.1087E-06       116.016E-06         -9.65567E-06        9.60248E-06        9.48693E-06
               11.1E-03          -47.2871E-09       -12.5448E-06       118.135E-06         -9.8316E-06         9.77643E-06        9.65666E-06
               11.2E-03          -48.9929E-09       -12.9923E-06       120.273E-06        -10.0091E-06         9.9519E-06         9.82779E-06
               11.25E-03         -49.8627E-09       -13.2203E-06       121.349E-06        -10.0984E-06        10.0402E-06         9.91389E-06
               11.35E-03         -51.6365E-09       -13.6852E-06       123.516E-06        -10.2783E-06        10.218E-06         10.0871E-06 
               11.45E-03         -53.4566E-09       -14.1619E-06       125.702E-06        -10.4597E-06        10.3972E-06        10.2618E-06 
               11.55E-03         -55.3238E-09       -14.6507E-06       127.907E-06        -10.6428E-06        10.578E-06         10.4378E-06 
               11.65E-03         -57.2389E-09       -15.1517E-06       130.132E-06        -10.8273E-06        10.7603E-06        10.6152E-06 
               11.75E-03         -59.2026E-09       -15.665E-06        132.375E-06        -11.0135E-06        10.9441E-06        10.7941E-06 
               11.85E-03         -61.2158E-09       -16.191E-06        134.638E-06        -11.2012E-06        11.1295E-06        10.9743E-06 
               11.95E-03         -63.2791E-09       -16.7297E-06       136.92E-06         -11.3906E-06        11.3163E-06        11.1559E-06 
               12.E-03           -64.3299E-09       -17.0039E-06       138.068E-06        -11.4858E-06        11.4103E-06        11.2472E-06 
               12.1E-03          -66.47E-09         -17.5622E-06       140.378E-06        -11.6775E-06        11.5994E-06        11.4308E-06 
               12.2E-03          -68.6624E-09       -18.1337E-06       142.708E-06        -11.8707E-06        11.79E-06          11.6159E-06 
               12.3E-03          -70.9077E-09       -18.7186E-06       145.057E-06        -12.0656E-06        11.9822E-06        11.8023E-06 
               12.4E-03          -73.2069E-09       -19.3171E-06       147.425E-06        -12.2619E-06        12.1758E-06        11.99E-06   
               12.5E-03          -75.5608E-09       -19.9294E-06       149.813E-06        -12.4599E-06        12.3709E-06        12.1792E-06 
               12.6E-03          -77.97E-09         -20.5558E-06       152.219E-06        -12.6594E-06        12.5676E-06        12.3697E-06 
               12.7E-03          -80.4356E-09       -21.1963E-06       154.645E-06        -12.8606E-06        12.7657E-06        12.5615E-06 
               12.75E-03         -81.6897E-09       -21.5219E-06       155.865E-06        -12.9617E-06        12.8653E-06        12.6579E-06 
               12.85E-03         -84.2413E-09       -22.1841E-06       158.319E-06        -13.1652E-06        13.0657E-06        12.8518E-06 
               12.95E-03         -86.8512E-09       -22.8609E-06       160.793E-06        -13.3702E-06        13.2676E-06        13.047E-06  
               13.05E-03         -89.5203E-09       -23.5526E-06       163.285E-06        -13.5768E-06        13.4709E-06        13.2436E-06 
               13.15E-03         -92.2495E-09       -24.2594E-06       165.797E-06        -13.785E-06         13.6758E-06        13.4415E-06 
               13.25E-03         -95.0396E-09       -24.9814E-06       168.328E-06        -13.9947E-06        13.8822E-06        13.6407E-06 
               13.35E-03         -97.8914E-09       -25.7188E-06       170.879E-06        -14.206E-06         14.09E-06          13.8413E-06 
               13.45E-03        -100.806E-09        -26.4719E-06       173.448E-06        -14.4189E-06        14.2994E-06        14.0432E-06 
               13.5E-03         -102.287E-09        -26.8543E-06       174.74E-06         -14.5259E-06        14.4046E-06        14.1446E-06 
               13.6E-03         -105.297E-09        -27.6312E-06       177.338E-06        -14.7412E-06        14.6161E-06        14.3485E-06 
               13.7E-03         -108.372E-09        -28.4242E-06       179.955E-06        -14.9579E-06        14.8292E-06        14.5537E-06 
               13.8E-03         -111.512E-09        -29.2336E-06       182.592E-06        -15.1763E-06        15.0437E-06        14.7602E-06 
               13.9E-03         -114.719E-09        -30.0594E-06       185.248E-06        -15.3962E-06        15.2597E-06        14.968E-06  
               14.E-03          -117.993E-09        -30.902E-06        187.922E-06        -15.6177E-06        15.4772E-06        15.1771E-06 
               14.1E-03         -121.336E-09        -31.7614E-06       190.616E-06        -15.8408E-06        15.6962E-06        15.3876E-06 
               14.2E-03         -124.748E-09        -32.638E-06        193.33E-06         -16.0654E-06        15.9166E-06        15.5993E-06 
               14.25E-03        -126.48E-09         -33.0827E-06       194.693E-06        -16.1783E-06        16.0274E-06        15.7056E-06 
               14.35E-03        -129.998E-09        -33.9853E-06       197.435E-06        -16.4053E-06        16.2501E-06        15.9193E-06 
               14.45E-03        -133.586E-09        -34.9055E-06       200.196E-06        -16.6338E-06        16.4742E-06        16.1342E-06 
               14.55E-03        -137.247E-09        -35.8434E-06       202.977E-06        -16.8639E-06        16.6998E-06        16.3504E-06 
               14.65E-03        -140.982E-09        -36.7993E-06       205.776E-06        -17.0956E-06        16.9268E-06        16.5679E-06 
               14.75E-03        -144.791E-09        -37.7735E-06       208.595E-06        -17.3288E-06        17.1554E-06        16.7867E-06 
               14.85E-03        -148.674E-09        -38.766E-06        211.432E-06        -17.5636E-06        17.3854E-06        17.0068E-06 
               14.95E-03        -152.634E-09        -39.777E-06        214.289E-06        -17.8E-06           17.6168E-06        17.2281E-06 
               15.E-03          -154.642E-09        -40.2896E-06       215.725E-06        -17.9187E-06        17.7331E-06        17.3392E-06 
